126 98
126 110
128 121
130 133
133 144
139 153
148 161
158 168
169 171
181 169
191 163
199 155
206 146
209 135
210 124
212 112
212 101
132 89
138 85
146 84
154 85
162 88
178 89
185 86
193 84
200 85
206 89
170 97
170 106
170 114
170 123
161 128
166 129
170 130
174 129
178 128
141 98
146 95
152 95
157 100
151 100
145 100
182 100
188 96
194 96
199 99
194 100
188 100
151 139
158 137
165 136
170 138
175 136
182 137
189 138
182 145
175 149
170 149
165 149
158 145
154 140
165 142
170 142
175 142
187 139
175 142
170 143
165 142
