204 123
204 135
204 148
207 161
212 172
219 182
228 189
239 196
251 197
263 195
272 189
281 179
286 168
291 156
293 144
293 133
293 122
216 109
222 102
232 101
242 104
251 110
255 110
263 105
272 104
280 105
286 112
252 115
253 123
253 132
254 140
241 145
247 147
253 149
259 147
264 144
224 116
229 114
235 114
240 117
235 117
229 117
263 117
269 115
274 115
278 117
274 118
268 118
231 158
240 156
247 156
253 157
259 156
264 156
271 158
264 163
259 165
253 166
247 165
240 163
234 158
247 158
253 159
259 158
268 158
259 161
253 162
247 161
